1 3.92468841156192
2 6.417395916202599
3 9.453725802174489
4 4.083797401219836
5 9.268098647573588
6 12.84805091487669
7 7.292495359321135
8 6.15221426677274
9 8.20737204985415
10 3.6595067621320605
11 4.9456377618668785
12 7.49138159639353
13 2.5457438345266508
14 0.7159904534606205
15 0.0
16 7.5178997613365155
17 1.0076902678334658
18 3.2617342879872715
19 4.044020153805357
20 4.481569875364625
21 0.0
22 2.2010076902678333
23 0.0
24 5.064969504110316
25 2.0021214531954388
26 1.8562715460090162
27 3.0893662158578628
28 1.0076902678334658
29 3.92468841156192
30 3.195438875629806
31 4.720233359851498
32 1.3259082471492973
33 0.7159904534606205
34 4.521347122779104
35 4.813046937151949
36 1.6043489790506498
37 3.1424025457438347
38 0.0
39 4.627419782551048
40 0.0
41 1.6573853089366215
42 4.5478652877220895
43 5.131264916467781
44 4.309201803235216
45 4.786528772208963
46 1.3259082471492973
47 7.557677008750995
48 1.7634579687085654
49 5.356669318483161
50 4.136833731105807
