1 0.0
2 0.0
3 0.0
4 0.0
5 0.0
6 0.0
7 0.0
8 0.0
9 0.0
10 0.0
11 0.0
12 0.0
13 0.06629541235746486
14 0.06629541235746486
15 0.06629541235746486
16 0.06629541235746486
17 0.06629541235746486
18 0.06629541235746486
19 0.0
20 0.0
21 0.0
22 0.06629541235746486
23 0.06629541235746486
24 0.06629541235746486
25 0.06629541235746486
26 0.06629541235746486
27 0.06629541235746486
28 0.0
29 0.06629541235746486
30 0.06629541235746486
31 0.06629541235746486
32 0.06629541235746486
33 0.06629541235746486
34 0.06629541235746486
35 0.06629541235746486
36 0.06629541235746486
37 0.06629541235746486
38 0.06629541235746486
39 0.06629541235746486
40 0.06629541235746486
41 0.06629541235746486
42 0.06629541235746486
43 0.06629541235746486
44 0.06629541235746486
45 0.06629541235746486
46 0.06629541235746486
47 0.06629541235746486
48 0.06629541235746486
49 0.06629541235746486
50 0.06629541235746486
