1 8.43277645186953
2 5.515778308141076
3 6.125696101829753
4 3.911429329090427
5 8.07478122513922
6 6.642800318217979
7 6.73561389551843
8 8.525590029169981
9 4.972155926809865
10 5.674887297798993
11 7.3587907716786
12 3.0893662158578628
13 5.714664545213472
14 8.485812781755502
15 10.52771148236542
16 2.7446300715990453
17 1.0739856801909309
18 4.720233359851498
19 1.0076902678334658
20 2.5457438345266508
21 9.082471492972687
22 1.0076902678334658
23 5.913550782285866
24 0.0
25 5.356669318483161
26 4.77326968973747
27 3.2617342879872715
28 2.2142667727393266
29 3.0893662158578628
30 6.563245823389021
31 4.985415009281358
32 3.2352161230442853
33 2.32033943251127
34 2.2407849376823123
35 2.2938212675682843
36 7.464863431450544
37 1.4187218244497481
38 9.506762132060462
39 3.0893662158578628
40 4.9456377618668785
41 3.5534341023601166
42 4.083797401219836
43 5.356669318483161
44 2.09493503049589
45 3.0893662158578628
46 5.316892071068682
47 7.570936091222487
48 4.706974277380005
49 2.2010076902678333
50 5.316892071068682
